[gd_scene load_steps=27 format=3 uid="uid://c700pjn84lp4f"]

[ext_resource type="PackedScene" uid="uid://d1p66onp0vo8q" path="res://robot_arm.tscn" id="1_sb113"]
[ext_resource type="Script" path="res://ball.gd" id="2_0ggc7"]
[ext_resource type="Script" path="res://label.gd" id="3_kdewb"]

[sub_resource type="ProceduralSkyMaterial" id="ProceduralSkyMaterial_fwl0a"]
sky_horizon_color = Color(0.64625, 0.65575, 0.67075, 1)
ground_horizon_color = Color(0.64625, 0.65575, 0.67075, 1)

[sub_resource type="Sky" id="Sky_0i8xk"]
sky_material = SubResource("ProceduralSkyMaterial_fwl0a")

[sub_resource type="Environment" id="Environment_qusxx"]
background_mode = 2
sky = SubResource("Sky_0i8xk")
tonemap_mode = 2
glow_enabled = true

[sub_resource type="PhysicsMaterial" id="PhysicsMaterial_wbuve"]
friction = 0.5
bounce = 0.7

[sub_resource type="SphereMesh" id="SphereMesh_x0rr2"]

[sub_resource type="SphereShape3D" id="SphereShape3D_a7nsb"]

[sub_resource type="BoxMesh" id="BoxMesh_7d2us"]
size = Vector3(10, 0.1, 1.5)

[sub_resource type="BoxShape3D" id="BoxShape3D_wlcgl"]
size = Vector3(10, 0.1, 1.5)

[sub_resource type="BoxMesh" id="BoxMesh_onude"]
size = Vector3(1.5, 0.1, 5)

[sub_resource type="BoxShape3D" id="BoxShape3D_np4yc"]
size = Vector3(1.5, 0.1, 5)

[sub_resource type="BoxMesh" id="BoxMesh_l2gww"]
size = Vector3(9, 0.5, 0.2)

[sub_resource type="BoxShape3D" id="BoxShape3D_ndc2b"]
size = Vector3(9, 0.5, 0.2)

[sub_resource type="BoxMesh" id="BoxMesh_oag4j"]
size = Vector3(0.2, 0.5, 5)

[sub_resource type="BoxShape3D" id="BoxShape3D_70ffl"]
size = Vector3(0.2, 0.5, 5)

[sub_resource type="BoxMesh" id="BoxMesh_x5iev"]
size = Vector3(7, 0.1, 1.5)

[sub_resource type="BoxShape3D" id="BoxShape3D_rsrp1"]
size = Vector3(7, 0.1, 1.5)

[sub_resource type="BoxMesh" id="BoxMesh_wgrj3"]
size = Vector3(7, 0.5, 0.2)

[sub_resource type="BoxShape3D" id="BoxShape3D_p38xk"]
size = Vector3(7, 0.5, 0.2)

[sub_resource type="BoxMesh" id="BoxMesh_2rse0"]
size = Vector3(1.5, 0.1, 4)

[sub_resource type="BoxShape3D" id="BoxShape3D_p1mld"]
size = Vector3(1.5, 0.1, 4)

[sub_resource type="BoxMesh" id="BoxMesh_vwuqt"]
size = Vector3(0.2, 0.5, 4.5)

[sub_resource type="BoxShape3D" id="BoxShape3D_vvu5h"]
size = Vector3(0.2, 0.5, 4.5)

[sub_resource type="SystemFont" id="SystemFont_jl1ww"]

[node name="origin" type="Node3D"]

[node name="DirectionalLight3D" type="DirectionalLight3D" parent="."]
transform = Transform3D(-0.866025, -0.433013, 0.25, 0, 0.5, 0.866025, -0.5, 0.75, -0.433013, 0, 3.89987, 0)
shadow_enabled = true

[node name="WorldEnvironment" type="WorldEnvironment" parent="."]
environment = SubResource("Environment_qusxx")

[node name="Camera3D" type="Camera3D" parent="."]
transform = Transform3D(0.0681377, -0.436148, 0.897292, 0.0047852, 0.899515, 0.436865, -0.997664, -0.0254732, 0.0633779, 9.98418, 6.48792, -2.6876)
fov = 51.7354

[node name="arm" parent="." instance=ExtResource("1_sb113")]
transform = Transform3D(-1, 0, -8.74228e-08, 0, 1, 0, 8.74228e-08, 0, -1, -2.40325, 0.48236, -6.25749)

[node name="Ball" type="RigidBody3D" parent="."]
transform = Transform3D(1, 0, 0, 0, 1, 0, 0, 0, 1, -0.0284376, 4.10597, -0.16341)
physics_material_override = SubResource("PhysicsMaterial_wbuve")
linear_damp = 0.1
angular_damp = 0.05
script = ExtResource("2_0ggc7")

[node name="MeshInstance3D" type="MeshInstance3D" parent="Ball"]
mesh = SubResource("SphereMesh_x0rr2")

[node name="CollisionShape3D" type="CollisionShape3D" parent="Ball"]
shape = SubResource("SphereShape3D_a7nsb")

[node name="StaticBody3D" type="StaticBody3D" parent="."]
transform = Transform3D(1, 0, 0, 0, 1, 0, 0, 0, 1, 0, -1.53067, 0)

[node name="MeshInstance3D" type="MeshInstance3D" parent="StaticBody3D"]
transform = Transform3D(0.984808, 0.173648, 0, -0.17101, 0.969846, 0.173648, 0.0301537, -0.17101, 0.984808, 0, 5, 0)
mesh = SubResource("BoxMesh_7d2us")

[node name="CollisionShape3D" type="CollisionShape3D" parent="StaticBody3D"]
transform = Transform3D(0.984808, 0.173648, 0, -0.17101, 0.969846, 0.173648, 0.0301537, -0.17101, 0.984808, 0, 5, 0)
shape = SubResource("BoxShape3D_wlcgl")

[node name="StaticBody3D2" type="StaticBody3D" parent="."]
transform = Transform3D(1, 0, 0, 0, 1, 0, 0, 0, 1, 4.46483, 2.24117, -1.89973)

[node name="MeshInstance3D" type="MeshInstance3D" parent="StaticBody3D2"]
transform = Transform3D(0.984808, -0.173648, 0, 0.17101, 0.969846, 0.173648, -0.0301537, -0.17101, 0.984808, 0.0354986, 0.0289345, 0.279167)
mesh = SubResource("BoxMesh_onude")

[node name="CollisionShape3D" type="CollisionShape3D" parent="StaticBody3D2"]
transform = Transform3D(0.984808, -0.173648, 0, 0.17101, 0.969846, 0.173648, -0.0301537, -0.17101, 0.984808, 0.035, 0.029, 0.279)
shape = SubResource("BoxShape3D_np4yc")

[node name="StaticBody3D3" type="StaticBody3D" parent="."]

[node name="MeshInstance3D" type="MeshInstance3D" parent="StaticBody3D3"]
transform = Transform3D(0.984808, 0.173648, 0, -0.17101, 0.969846, 0.173648, 0.0301537, -0.17101, 0.984808, -0.484385, 3.64426, -0.808988)
mesh = SubResource("BoxMesh_l2gww")

[node name="CollisionShape3D" type="CollisionShape3D" parent="StaticBody3D3"]
transform = Transform3D(0.984808, 0.173648, 0, -0.17101, 0.969846, 0.173648, 0.0301537, -0.17101, 0.984808, -0.484, 3.644, -0.809)
shape = SubResource("BoxShape3D_ndc2b")

[node name="StaticBody3D4" type="StaticBody3D" parent="."]

[node name="MeshInstance3D" type="MeshInstance3D" parent="StaticBody3D4"]
transform = Transform3D(0.984808, -0.173648, 0, 0.17101, 0.969846, 0.173648, -0.0301537, -0.17101, 0.984808, 5.32207, 2.59479, -1.5936)
mesh = SubResource("BoxMesh_oag4j")

[node name="CollisionShape3D" type="CollisionShape3D" parent="StaticBody3D4"]
transform = Transform3D(0.984808, -0.173648, 0, 0.17101, 0.969846, 0.173648, -0.0301537, -0.17101, 0.984808, 5.322, 2.595, -1.594)
shape = SubResource("BoxShape3D_70ffl")

[node name="StaticBody3D5" type="StaticBody3D" parent="."]
transform = Transform3D(1, 0, 0, 0, 1, 0, 0, 0, 1, 0, -0.0673869, 0)

[node name="MeshInstance3D" type="MeshInstance3D" parent="StaticBody3D5"]
transform = Transform3D(0.984808, -0.173648, 0, 0.17101, 0.969846, 0.173648, -0.0301537, -0.17101, 0.984808, 0.377999, 1.30704, -3.22154)
mesh = SubResource("BoxMesh_x5iev")

[node name="CollisionShape3D" type="CollisionShape3D" parent="StaticBody3D5"]
transform = Transform3D(0.984808, -0.173648, 0, 0.17101, 0.969846, 0.173648, -0.0301537, -0.17101, 0.984808, 0.378, 1.307, -3.222)
shape = SubResource("BoxShape3D_rsrp1")

[node name="StaticBody3D6" type="StaticBody3D" parent="."]

[node name="MeshInstance3D" type="MeshInstance3D" parent="StaticBody3D6"]
transform = Transform3D(0.984808, -0.173648, 0, 0.17101, 0.969846, 0.173648, -0.0301537, -0.17101, 0.984808, 1.96015, 1.56599, -3.98467)
mesh = SubResource("BoxMesh_wgrj3")

[node name="CollisionShape3D" type="CollisionShape3D" parent="StaticBody3D6"]
transform = Transform3D(0.984808, -0.173648, 0, 0.17101, 0.969846, 0.173648, -0.0301537, -0.17101, 0.984808, 1.96, 1.566, -3.985)
shape = SubResource("BoxShape3D_p38xk")

[node name="StaticBody3D7" type="StaticBody3D" parent="."]

[node name="MeshInstance3D" type="MeshInstance3D" parent="StaticBody3D7"]
transform = Transform3D(1, 0, 0, 0, 1, 0, 0, 0, 1, -2.38619, 0.478711, -4.91033)
mesh = SubResource("BoxMesh_2rse0")

[node name="CollisionShape3D" type="CollisionShape3D" parent="StaticBody3D7"]
transform = Transform3D(1, 0, 0, 0, 1, 0, 0, 0, 1, -2.386, 0.479, -4.91)
shape = SubResource("BoxShape3D_p1mld")

[node name="StaticBody3D8" type="StaticBody3D" parent="."]
transform = Transform3D(1, 0, 0, 0, 1, 0, 0, 0, 1, -3.2577, 0.804546, -4.59488)

[node name="MeshInstance3D" type="MeshInstance3D" parent="StaticBody3D8"]
mesh = SubResource("BoxMesh_vwuqt")

[node name="CollisionShape3D" type="CollisionShape3D" parent="StaticBody3D8"]
shape = SubResource("BoxShape3D_vvu5h")

[node name="Control" type="Control" parent="."]
layout_mode = 3
anchors_preset = 0
offset_right = 40.0
offset_bottom = 40.0

[node name="Label" type="Label" parent="Control"]
layout_mode = 0
offset_right = 200.0
offset_bottom = 50.0
theme_override_fonts/font = SubResource("SystemFont_jl1ww")
script = ExtResource("3_kdewb")
